#JOSM PicLayer plugin calibration data
#Tue Feb 14 12:13:23 SAST 2017
POSITION_Y=-4039369.9585441393
POSITION_X=2052219.5906057435
M12=122.28438955114555
M11=-0.04362450342688476
M10=-0.07231879093965682
M02=287.721384935891
INITIAL_SCALE=12.36529324975433
M01=0.0791131089053013
M00=-0.047638314929746295
